# R script for Peak Model
#  -- generated by MACS
p <- c(0.04736952406813866,0.05515533162199949,0.06307640337936728,0.07097475075054589,0.07861555507824726,0.07849652257916113,0.07854413557879558,0.07852573964711863,0.07848894778376474,0.07856036728321641,0.07840562503440444,0.078338533989465,0.07816431369534803,0.07799983242388356,0.07838073642095916,0.07829741367159888,0.07805934867342662,0.07814699987729913,0.07810263321854885,0.07810696167306107,0.07820326978595803,0.07831905594416,0.07836450471653833,0.07822274783126304,0.07798360071946273,0.0781037153321769,0.07803229583272522,0.07797061535592606,0.07807341615059135,0.07819461287693359,0.07789811374284632,0.07772713978961351,0.07777150644836381,0.07792192024266355,0.07804636330988995,0.07801606412830439,0.07797494381043828,0.07789594951559022,0.07784400806144354,0.07764814549476545,0.07774769994854658,0.07792841292443188,0.07792733081080383,0.07793274137894411,0.0777422893804063,0.07766329508555823,0.0776935942671438,0.07781262676622992,0.07777475278924798,0.07794356251522466,0.0780355421736094,0.07809289419589635,0.07802255681007272,0.07822166571763498,0.07852682176074668,0.07870320628211977,0.07888175503074896,0.0788222387812059,0.07880708919041311,0.07858850223754586,0.07851059005632585,0.07847379819297196,0.07840670714803251,0.0782649502627572,0.07806800558245107,0.0780355421736094,0.0779597942196455,0.07810912590031718,0.07808207305961579,0.07812319337748191,0.07805826655979857,0.07810912590031718,0.07827793562629387,0.0782649502627572,0.07838398276184333,0.07840129657989223,0.07824330799019609,0.07811561858208552,0.0782065161268422,0.07820976246772637,0.07821300880861054,0.07793165926531605,0.07785050074321187,0.07767519833546685,0.07736896017872708,0.07722071061168345,0.0771850008619576,0.07718716508921372,0.07693395050024869,0.07699887731793204,0.07697290659085869,0.07710384233985343,0.07708977486268871,0.07716444070302456,0.0771828366347015,0.07719365777098205,0.07720339679363455,0.07708328218092038,0.07720664313451872,0.07725425613415318,0.07731052604281208,0.07719906833912234,0.07720988947540289,0.07729321222476318,0.07730836181555596,0.07734623579253791,0.0774858284505571,0.07761243574503962,0.0776102715177835,0.07741873740561764,0.07729970490653151,0.07751179917763043,0.077522620313911,0.0774295585418982,0.07757456176805766,0.07756590485903322,0.07749123901869738,0.07733216831537319,0.07737761708775152,0.07745120081445932,0.07772389344872935,0.07755833006363683,0.0775323593365635,0.07750206015497793,0.07749015690506932,0.07765463817653379,0.07784833651595575,0.07801714624193246,0.0780377064008655,0.07792841292443188,0.07764489915388129,0.07775419263031491,0.07763516013122879,0.07780396985720547,0.07768818369900352,0.07749773170046571,0.0773343325426293,0.0772488455660129,0.07722612117982373,0.07715145533948789,0.07722395695256762,0.07712656672604261,0.07712873095329871,0.07698913829527952,0.0770140269087248,0.0770118626814687,0.07691880090945591,0.07695018220466952,0.07695018220466952,0.07701835536323703,0.07710384233985343,0.07712656672604261,0.07726074881592151,0.07727048783857401,0.0772975406792754,0.07720339679363455,0.07711033502162176,0.07703783340854203,0.0768214106829309,0.07670129607021671,0.07648920179911779,0.07646755952655668,0.07646539529930056,0.07637233352728777,0.07635393759561082,0.0765205830943314,0.0766060700709478,0.07662554811625281,0.07682573913744312,0.07710384233985343,0.07708869274906065,0.07701835536323703,0.07696316756820619,0.07708328218092038,0.07701619113598092,0.07682573913744312,0.07680950743302228,0.0768408887282359,0.07689824075052284,0.07671969200189366,0.07667857168402754,0.07664069770704558,0.07667532534314338,0.07647080586744084,0.07631389939137276,0.07632147418676916,0.07636475873189139,0.07633770589118999,0.07614400755176802,0.07600008643923661,0.07620027746042692,0.07635610182286694,0.0762543831418297,0.07645782050390418,0.07658983836652697,0.0765303221169839,0.07666125786597865,0.07654655382140474,0.0765595391849414,0.07661905543448448,0.07647405220832501,0.076396140027105,0.07638423677719638,0.0764253570950625,0.07645998473116028,0.0764913660263739,0.07656494975308169,0.07655629284405724,0.07643834245859916,0.07670237818384476,0.076784618819577,0.07688309115973006,0.07687335213707756,0.07674241638808282,0.07675973020613172,0.0768506277508884,0.07671536354738143,0.07674566272896699,0.07692637570485229,0.0768506277508884,0.07678353670594894,0.0766136448663442,0.07671211720649726,0.07667532534314338,0.07659200259378308,0.07659524893466725,0.07656386763945364,0.07666883266137503,0.07658334568475864,0.07655088227591697,0.07647946277646529,0.07653897902600836,0.07636475873189139,0.07645132782213584,0.0765595391849414,0.0766060700709478,0.07647729854920918,0.07646431318567251,0.07641561807241,0.07645565627664806,0.07673700581994254,0.07688092693247396,0.07695992122732202,0.07692096513671201,0.07695667488643786,0.07690365131866313,0.0770973496580851,0.07712548461241454,0.0772488455660129,0.07709951388534121,0.07686577734168118,0.07681275377390645,0.07675973020613172,0.07680950743302228,0.07673484159268644,0.07678137247869284,0.07668831070668004,0.07661905543448448,0.07662013754811253,0.07670237818384476,0.07677379768329644,0.07691014400043146,0.07701943747686509,0.07688850172787035,0.07688525538698618,0.0768874196142423,0.07687227002344951,0.07684738141000423,0.0768776805915898,0.07703566918128592,0.07714929111223177,0.07703999763579815,0.07700753422695647,0.07712440249878649,0.07725533824778123,0.07731052604281208,0.07746093983711182,0.07754750892735628,0.07754534470010016,0.07743713333729459,0.07748907479144126,0.0775150455185146,0.07753452356381961,0.07766978776732657,0.07761459997229572,0.07760810729052739,0.07743172276915432,0.07739493090580042,0.07742631220101404,0.0773245935199768,0.07713414152143899,0.07703783340854203,0.07701510902235287,0.0769848098407673,0.07692745781848036,0.07667424322951531,0.07670129607021671,0.0769166366821998,0.07727698052034235,0.07799658608299939,0.07873783391821755,0.0796749443201138,0.08058391976768059,0.081465842374546,0.08274381856927979,0.08439187762480863,0.08605292204387414,0.08725190394375987,0.08833509968544363,0.08906552638438124,0.0897872961742944,0.09036298062442004,0.09093433662003345,0.09143535522982324,0.09148621457034187,0.09135744304860323,0.09107176505079652,0.09112478861857125,0.09102848050567429,0.09107825773256485,0.09117997641360209,0.0908694098023501,0.09092243337012483,0.0909624715743629,0.09112803495945541,0.09107825773256485,0.09119079754988266,0.09101224880125346,0.09114967723201653,0.09102631627841819,0.0910111666876254,0.091314158503481,0.09121027559518766,0.09120270079979126,0.09119296177713876,0.09135852516223128,0.09135419670771906,0.09147214709317714,0.09143427311619519,0.09141695929814629,0.09143210888893907,0.09136501784399963,0.09131524061710906,0.09138774223018879,0.09141263084363407,0.09127628452649905,0.09132606175338961,0.09129576257180405,0.09132606175338961,0.09154032025174465,0.091663681205343,0.09175349663647162,0.09192663481696053,0.09185629743113691,0.09197316570296693,0.09242873554037838,0.09255750706211702,0.09277717612861232,0.09303147283120541,0.09294273951370484,0.09287348424150928,0.09273389158349009,0.09272415256083759,0.09274687694702675,0.09270792085641676,0.09235082335915837,0.09218309574680973,0.09193420961235692,0.09157927634235465,0.09161606820570854,0.09142994466168296,0.09140613816186574,0.0914559153887563,0.09138124954842046,0.09107501139168069,0.09088131305225872,0.09101765936939374,0.09096788214250318,0.09101441302850957,0.09092459759738095,0.09080448298466677,0.09085101387067315,0.09094191141542984,0.09109232520972958,0.09131524061710906,0.09153058122909215,0.09158576902412298,0.09169506250055662,0.09159875438765966,0.09168424136427605,0.09194611286226553,0.0918443941812283,0.09165502429631855,0.09153815602448853,0.09156520886518993,0.09149595359299437,0.09125572436756599,0.0912654633902185,0.09122650729960849,0.09118971543625459,