# R script for Peak Model
#  -- generated by MACS
p <- c(0.04794417868426962,0.055919225302921066,0.06387437807149607,0.0718955784223249,0.07978468360864605,0.07978309210063993,0.07995895373531584,0.0799311023452088,0.0796438351501047,0.07949184613552056,0.07936054672501591,0.07933746985892721,0.0792459581485755,0.079062138973869,0.07912977806412898,0.0790947648879944,0.07891094571328791,0.0790088234556641,0.0791560379462299,0.07921014921843787,0.0792881331107376,0.07936611700303732,0.07946319899141045,0.07951253573960007,0.0794106792272086,0.07944250938733093,0.07948945887351137,0.07922367703648986,0.07918945961435836,0.07909874365800969,0.07898972535959069,0.07877168876275269,0.07890696694327262,0.07894993765943777,0.07903508333776502,0.07897938055755092,0.07893879710339495,0.07912102477009533,0.07910670119804028,0.07924118362455715,0.07912818655612286,0.07932553354888135,0.07917434028830024,0.07902633004373137,0.07902871730574056,0.07900723194765798,0.07908601159396075,0.07898495083557235,0.07911704600008004,0.07908123706994241,0.07927301378467949,0.07926346473664278,0.07910113092001887,0.07927699255469478,0.07938680660711685,0.0794488754193554,0.0794679735154288,0.07946081172940127,0.07930086517478653,0.07931837176285382,0.07922924731451127,0.07918468509034,0.07924834541058468,0.07928176707871312,0.07921969826647457,0.07902314702771915,0.07888389007718392,0.07885285567106465,0.07883216606698512,0.07877089300874962,0.07871916899855083,0.07865630443230921,0.0786220870101777,0.07854092010186574,0.07835471366515008,0.078599010144089,0.07855524367392079,0.07845020414551708,0.07841439521537945,0.07829423636091763,0.07836824148320207,0.07827593401884729,0.07831413021099409,0.07828070854286565,0.07835073489513478,0.07825763167677695,0.0784040504133397,0.07852580077580763,0.0784748725196119,0.07862527002618994,0.07862367851818382,0.07865152990829086,0.07844861263751096,0.0784804427976333,0.07842792303343145,0.07848362581364554,0.0784191697393978,0.07846214045556296,0.07846214045556296,0.07845816168554767,0.07836744572919901,0.07837460751522654,0.0786682407423551,0.0786069676841196,0.07861969974816853,0.07859503137407371,0.07842394426341616,0.07846850648758742,0.07849715363169753,0.07851704748177399,0.07849954089370671,0.0784669149795813,0.07839768438131522,0.07836346695918371,0.07847725978162107,0.07852023049778623,0.07875497792868846,0.07860219316010124,0.07868256431441015,0.07870404967249271,0.07878601233480774,0.07891333297529708,0.07888707309319616,0.0790334918297589,0.07906691349788736,0.07903667484577113,0.07904304087779561,0.07911545449207392,0.0790852158399577,0.07898733809758152,0.07914251012817791,0.07918627659834612,0.07927460529268561,0.07919662140038587,0.07900643619365491,0.07891890325331849,0.07883694059100348,0.07878044205678633,0.07881625098692395,0.07893481833337966,0.07870882419651107,0.07867540252838262,0.07854410311787798,0.0785838908180309,0.07856797573796973,0.07859821439008595,0.07860617193011653,0.0786069676841196,0.07855922244393608,0.0784040504133397,0.0784191697393978,0.07820909068259038,0.07819715437254451,0.07810245964618055,0.07809052333613468,0.07803800357193283,0.07805312289799093,0.07799184983975543,0.07785100138121409,0.07770458264465134,0.07775391939284097,0.07783110753113763,0.07779211558498778,0.07768468879457488,0.07783508630115293,0.07778972832297859,0.07784463534918963,0.07777222173491131,0.07776505994888379,0.07798707531573708,0.0778852188033456,0.07778097502894496,0.07769821661262688,0.07776426419488072,0.07750086961986839,0.07745392013368795,0.0772462283388897,0.07747620124577358,0.07760750065627822,0.07747063096775217,0.07734410608126588,0.07750007386586534,0.07762182422833327,0.07750007386586534,0.07762102847433021,0.07763137327636997,0.07768071002455959,0.07745789890370323,0.07748177152379498,0.07750564414388675,0.07767036522251984,0.07752872100997543,0.07756293843210695,0.07765604165046479,0.07772129347871558,0.077808826419052,0.07781041792705812,0.07790670416142818,0.0778987466213976,0.0780252715078839,0.07808097428809797,0.07818601381650168,0.07828787032889317,0.07845099989952015,0.07857036299997891,0.07858627808004007,0.07866744498835203,0.07863084030421134,0.07860537617611348,0.07851386446576175,0.0784191697393978,0.07828548306688399,0.07811439595622643,0.07788362729533949,0.07790749991543125,0.07785816316724162,0.07785895892124468,0.07788681031135172,0.0778239457451101,0.07772686375673699,0.0777093571686697,0.07783906507116822,0.07787885277132114,0.07799901162578296,0.07788681031135172,0.07794887912359028,0.07788283154133643,0.07787805701731808,0.07785338864322328,0.07782314999110705,0.07787566975530891,0.07781280518906729,0.0778565716592355,0.07783508630115293,0.07777858776693578,0.07765524589646172,0.07755338938407025,0.07754224882802743,0.07774596185281038,0.0777762005049266,0.07786293769125997,0.07792898527351381,0.07788760606535479,0.07785816316724162,0.07796081543363616,0.0781167832182356,0.07814463460834264,0.078149409132361,0.07797513900569121,0.0782433081047219,0.07814224734633347,0.07805789742200929,0.07812792377427842,0.0782393293347066,0.07817407750645582,0.07815577516438547,0.07824489961272801,0.07825524441476778,0.07831572171900021,0.07834914338712866,0.07826320195479836,0.07834198160110113,0.07837460751522654,0.07824171659671578,0.07828946183689928,0.07817566901446193,0.0781876053245078,0.07813747282231513,0.07805391865199399,0.07787726126331503,0.0781724859984497,0.07814224734633347,0.07810245964618055,0.07812712802027537,0.07802447575388083,0.07817646476846499,0.07821625246861791,0.0782870745748901,0.07847805553562413,0.07865232566229392,0.07836744572919901,0.07846611922557825,0.0783483476331256,0.07841996549340087,0.07843190180344674,0.07817566901446193,0.07805471440599705,0.07786373344526303,0.07774994062282568,0.07759954311624763,0.07760272613225987,0.07742129421956255,0.07760272613225987,0.07747301822976135,0.0775159889459265,0.07780723491104588,0.07783986082517128,0.07817328175245275,0.07832845378304915,0.07854808188789326,0.07902155551971303,0.07964701816611694,0.08031943029870131,0.08130457375448763,0.0822674360981883,0.0833106695961979,0.08458467175509442,0.0856127859270459,0.08658042279476492,0.08743904136406495,0.08819102889695517,0.08905123897426132,0.08944513720577522,0.08979526896712094,0.09001171405595282,0.0900809446542189,0.09016768184055227,0.09022179311276024,0.09020587803269907,0.09026794684493764,0.09040959105748203,0.09016609033254616,0.09009845124228619,0.08996078579975708,0.08995919429175096,0.08995760278374484,0.08986768258139925,0.08985415476334725,0.08994248345768674,0.08973399590888544,0.089782536903072,0.08989553397150629,0.08993054714764086,0.08994407496569286,0.08988041464544819,0.08983426091327079,0.08985495051735032,0.08982789488124633,0.08989951274152158,0.09008174040822196,0.08990747028155217,0.08989235095549405,0.08984142269929832,0.0901040215203076,0.09017166061056757,0.09025044025687035,0.09020508227869602,0.0902647638289254,0.09022020160475412,0.09030136851306608,0.09038094391337193,0.09032842414917007,0.09051224332387657,0.090450174511638,0.09062921916232615,0.09051303907787962,0.09079951051898065,0.0907660888508522,0.09070879456263199,0.09068253468053107,0.0904812089177573,0.09030614303708444,0.09033001565717619,0.09016927334855838,0.08990906178955829,0.08996158155376015,0.08968784217670804,0.08963930118252149,0.08951038903402601,0.08953744467013,0.08967908888267441,0.08993293440965004,0.08972444686084874,0.08970296150276616,0.08969341245472945,0.08958678141831963,0.08938545565554584,0.08937351934549997,0.08954062768614224,0.0894745801038884,0.08955654276620341,0.0895740493542707,0.08968704642270499,0.08971489781281203,0.08962099884045113,0.08969022943871723,0.08994884948971121,0.09005388901811492,0.0900085310399406,0.08987086559741148,0.08979129019710565,0.08968784217670804,0.0896448714605429,0.08975468551296495,0.08998386266584578,0.09008571917823725,0.09009685973428007,0.09017484362657979,0.09017802664259203,0.09034593073723736,